                          11111111111111111111
                      111111111111111111111111111
                   111111111111111111111111111111111         11   11 11
   1 1 11        11111111111111111111111111111111111111       11 11 1111
11 1 1 11      11111111113333111111111111133331111111111       11111111
111111111     111111111133  331111111111133  3311111111111    11111111
  1111111    1111111111133  331111111111133  3311111111111111111111111
  1111111111111111111111133331111111111111333311111111111111  111111
   111111111111111111111111111111111111111111111111111111111     1111
    111   111111111111111111111111111111111111111111111111111     11111
   1111   111111111111111111111111111111111111111111111111111       1111
   111    1111111111111111111111111111111111111111111111 11111111111111111
  1111111111111  1111111111111111111111111111111111111   111111111111111111
  1111111111111   1111111111111111111111111111111111     111111111111
 1111       1111    111111111111111111111111111111      1111
            11111     1111111111111111111111111         111
              1111          111111111111111           1111
               11111                                11111
                111111      22222222222222        11111
                  11111111     2222222222222   1111111
                     11111111111  22222222222111111
                        11111111111 2222222222
                                111122222222222
                                    222222222222
                                     2222222222
                                      22222222

